,OmegaR2,cyc,detuning,ODT1,ODT2,freq,VVA,cyc.1,ROIsum,fBg,fA1,fWidth1,fCtr1,fA2,fWidth2,fCtr2,box1,box2,box3,box4,box5,box6,box7,box8,box9,Nfit,BZ-2,BZ-1,BZ0,BZ1,BZ2,Excited,c5,c7,c9,fraction95,fraction75,fraction97,sum95,two2D_bg,two2D_a1,two2D_sh1,two2D_sv1,two2D_ch1,two2D_cv1,two2D_a2,two2D_sh2,two2D_sv2,two2D_ch2,two2D_cv2,two2D_chd,two2D_cvd,pulse_time,ToTF,N,transfer,loss,anomalous_loss,OmegaR,e_OmegaR2,e_cyc,e_detuning,e_ODT1,e_ODT2,e_freq,e_VVA,e_cyc.1,e_ROIsum,e_fBg,e_fA1,e_fWidth1,e_fCtr1,e_fA2,e_fWidth2,e_fCtr2,e_box1,e_box2,e_box3,e_box4,e_box5,e_box6,e_box7,e_box8,e_box9,e_Nfit,e_BZ-2,e_BZ-1,e_BZ0,e_BZ1,e_BZ2,e_Excited,e_c5,e_c7,e_c9,e_fraction95,e_fraction75,e_fraction97,e_sum95,e_two2D_bg,e_two2D_a1,e_two2D_sh1,e_two2D_sv1,e_two2D_ch1,e_two2D_cv1,e_two2D_a2,e_two2D_sh2,e_two2D_sv2,e_two2D_ch2,e_two2D_cv2,e_two2D_chd,e_two2D_cvd,e_pulse_time,e_ToTF,e_N,e_transfer,e_loss,e_anomalous_loss,e_OmegaR,em_OmegaR2,em_cyc,em_detuning,em_ODT1,em_ODT2,em_freq,em_VVA,em_cyc.1,em_ROIsum,em_fBg,em_fA1,em_fWidth1,em_fCtr1,em_fA2,em_fWidth2,em_fCtr2,em_box1,em_box2,em_box3,em_box4,em_box5,em_box6,em_box7,em_box8,em_box9,em_Nfit,em_BZ-2,em_BZ-1,em_BZ0,em_BZ1,em_BZ2,em_Excited,em_c5,em_c7,em_c9,em_fraction95,em_fraction75,em_fraction97,em_sum95,em_two2D_bg,em_two2D_a1,em_two2D_sh1,em_two2D_sv1,em_two2D_ch1,em_two2D_cv1,em_two2D_a2,em_two2D_sh2,em_two2D_sv2,em_two2D_ch2,em_two2D_cv2,em_two2D_chd,em_two2D_cvd,em_pulse_time,em_ToTF,em_N,em_transfer,em_loss,em_anomalous_loss,em_OmegaR
0,1.4989055515573513,80.0,100.0,0.07,1.3999999999999997,47.3227,1.3999999999999997,80.0,5224.173333333333,-0.24480873333333333,15.288666666666666,10.881866666666667,113.11933333333333,-0.32708086666666664,129.64283333333336,405.4393333333333,1.0376305333333333,-0.75809,2.505002,0.11361433333333333,0.7250733333333333,74.36503333333333,-40.85646666666667,14.585059999999999,7684.080000000001,9600.853333333334,0.5693753333333333,-1.22635,1.56849,-0.354641,0.25681666666666675,-21.884990666666667,-100.09083333333332,9.200093333333333,7472.346466666667,-0.0136285,1.1910866666666668,0.00224297,7372.253333333334,-0.0022499633333333334,-0.0013045466666666674,18.947540666666665,10.363103333333333,131.81433333333334,72.14316666666667,0.8555896666666666,3.679766666666667,10.04894,112.234,136.451,19.58035,-64.30776666666667,0.20000000000000004,0.38400000000000006,7518.327016666666,0.00609405975094399,0.0576372568379521,0.05183849504025021,1.2242979831549798,1.4989055515573513,17.0,0.0,0.0,0.0,0.0,0.0,17.0,230.25284283442264,0.2876714126228106,1.2411473576225065,0.11519619496030864,0.1428157320932625,0.5509752177240037,234.36898384607835,163.22907143132724,0.9232876222655936,2.0453904030526786,2.8271407061573712,0.9985152836458404,1.9336398943271038,23.037456108766293,8.522735772234956,4.776459801024185,335.4710886201669,7660.643663148244,0.9916921593344044,1.9968494079173824,2.828530486029804,1.1406911778535853,2.0020482097175716,37.989552768222076,10.816601001392879,3.1802548872902205,344.15922634619744,0.00193702773082886,0.06379948693628595,0.000845402101014659,351.6755900447644,0.00035088205373505965,0.014290707329230885,21.128825650668833,19.164846284805762,16.116945254400203,10.069948769151376,0.03994965860096094,12.505345135714302,0.12369655937009676,0.1680089283341928,0.8713736282445119,16.03099393370542,10.591945338951357,0.0,0.0,351.6787157359162,0.0012515265784637341,0.043403077476519614,0.044351385572254105,0.0,1.4989055515573513,9.814954576223638,0.0,0.0,0.0,0.0,0.0,9.814954576223638,132.9365407921305,0.1660871675159396,0.7165767610273469,0.06650855416995481,0.08245470136855859,0.3181056902697662,135.31299591323238,94.24034833044944,0.53306035725449,1.1809066998003412,1.632250447736907,0.5764930678028816,1.116387513505553,13.300681485840409,4.920603792331905,2.7576903518947398,193.68432332019017,4422.8746810844395,0.5725537351449597,1.1528815431922457,1.6330528375203706,0.6585783585959988,1.1558830728110483,21.93327851712651,6.244967499870954,1.8361210152686318,198.70042197507044,0.0011183434818218122,0.03683465095682471,0.0004880931305942886,203.03999657976522,0.00020258184817774542,0.00825074372344161,12.198733177074322,11.064829161510406,9.30512268114242,5.8138876325952875,0.023064946147298447,7.21996438041383,0.0714162418501559,0.09700000000000675,0.5030877988317098,9.255498663002083,6.1152624926853685,0.0,0.0,203.04180119839313,0.0007225692069740082,0.02505877846472678,0.025606284399073795,0.0
1,4.331302298817906,96.0,100.0,0.07,1.3999999999999997,47.3227,1.5,96.0,5279.156666666667,-0.3846321,15.358000000000002,11.1802,112.91966666666667,-0.2413027796666667,291.1645833333333,396.0443333333333,1.6498730000000001,0.9940386666666666,1.2854933333333334,0.7312093333333333,0.77874,90.0867,-68.34186666666666,14.695500000000001,7713.113333333334,10026.086666666666,1.0826200000000001,0.42678843333333333,0.15098899999999996,0.16395766666666667,0.211491,0.8064866666666667,-140.09900000000002,8.172093333333335,7488.5328,-0.019292366666666668,1.1172700000000002,0.0019605666666666667,7348.433333333333,-0.0022714866666666664,0.0006621333333333331,23.48477,9.384360000000001,133.50433333333334,69.50096666666667,0.8491810000000001,11.0141,10.04437,112.05433333333333,135.888,21.449706666666668,-66.38673333333334,0.20000000000000004,0.38400000000000006,7494.505183333334,0.000641871729065766,0.05559594390502279,0.05484274655713193,2.081178103579294,4.331302298817906,17.0,0.0,0.0,0.0,0.0,0.0,17.0,556.7788153596841,0.26184886104073474,0.744423293563548,0.41858916612831687,0.07507551753623083,0.25746590152728116,396.03202443460407,173.670219543632,1.176117280706733,1.7156902657229052,0.8847312389835308,0.9907524975241462,2.087051363910337,10.487131878163833,35.433835440343366,3.0095812117302962,507.80863219655254,6621.408850315266,1.236974213433732,1.732744732220838,1.0059182189378022,0.9773779186969253,2.1487687815195473,0.11193895349847313,31.8995198553207,2.333760196792578,490.5427764753243,0.00567316980561426,0.042428878137419565,0.0005007272717091944,514.8264014532796,0.00023924602198016447,0.011420843385885884,17.503927422173003,16.466480525686112,15.245445691528122,13.837013608916244,0.03196791058233239,0.2897107695616443,0.3251181303772523,0.05856051001599244,0.062377880694994656,15.219017567574243,13.785991197347157,0.0,0.0,514.8277308546225,0.00439670967583533,0.06186399928586652,0.06492665655537745,0.0,4.331302298817906,9.814954576223638,0.0,0.0,0.0,0.0,0.0,9.814954576223638,321.4563989269946,0.15117851040886512,0.4297929889299423,0.24167256774404475,0.043344870259093345,0.14864800755392546,228.64919591503113,100.26854800373734,0.679031628614603,0.99055423676114,0.5107998189876126,0.5720112211458599,1.2049596667662088,6.054748412884995,20.457734429903145,1.7375825227405268,293.18345049549526,3822.8721821440895,0.7141673951065908,1.0004006375846068,0.5807671544864891,0.564289404459666,1.240592234436575,0.06462798493514847,18.41719637548922,1.347397077842229,283.2150040470549,0.00327540611442985,0.024496324214053015,0.0002890950251118903,297.2351614649773,0.00013812875519279507,0.006593827003213772,10.105897209067257,9.506926964110608,8.801962173919582,7.988803531888309,0.018456681780139494,0.167264590793549,0.18770704009173447,0.033809926221615015,0.03601388621073353,8.786703889440632,7.959345728834193,0.0,0.0,297.2359289952005,0.00253844151489216,0.03571719664084185,0.037485422639829555,0.0
2,14.705410008186544,86.0,100.0,0.07,1.3999999999999997,47.3227,1.7,86.0,5152.406666666667,-0.22632905999999997,15.126233333333333,10.9181,113.17233333333333,0.18554795000000002,41.66634333333334,180.82002966666667,-0.06660766666666666,0.45703866666666665,3.627596666666667,0.47397533333333336,-0.68742,102.6465,62.48206,95.29516666666666,7427.753333333333,5689.126666666667,-0.7129456666666667,-0.18930000000000002,2.3349206666666666,-0.17236366666666672,-1.33376,2.5705533333333332,-19.279856666666667,87.86241666666668,7199.066933333333,-0.003166331333333333,0.3999238,0.020669479333333334,7179.79,-1.321504,1.3216633333333332,3368.013333333334,1733.6226666666669,119.03033333333333,97.2106,0.8507553333333333,10.776766666666667,9.89755,112.22966666666666,136.34966666666665,6.800906666666667,-39.13876666666667,0.20000000000000004,0.38400000000000006,7325.85846,0.016935212880761944,0.0921014578531019,0.07611135201254604,3.834763357521106,14.705410008186544,17.0,0.0,0.0,0.0,0.0,0.0,17.0,603.05926411368,0.27927384417376216,1.3627230398482786,0.22991083054088685,0.1481294478938367,0.4103667243150052,88.39944250226148,277.1139643261941,0.843633591118996,1.2317160466366968,2.4014334898208887,1.5889348906649172,2.3675680926216254,21.193321347773693,64.07636758767462,73.56648779901984,534.5708283598474,854.8635479615061,0.7276230447122558,1.329958611498869,2.539579406240595,1.477883756677207,2.4982233990778324,3.519346582420426,75.43052358638136,74.85279672978714,540.4061522347554,0.011246095610060645,0.5453831374985111,0.017651079988575243,595.9210579430803,0.8349143208425641,0.8345904188482715,1653.3967279613607,667.4214973473161,4.274800619132227,0.8815825769603227,0.050779939940229696,0.12432253751164132,0.2728045580630936,0.15555492063361656,0.9202077663948016,4.3240761080759595,1.7718972327235374,0.0,0.0,595.9186184652059,0.009737839033789948,0.06815243729842278,0.0751533011087373,0.0,14.705410008186544,9.814954576223638,0.0,0.0,0.0,0.0,0.0,9.814954576223638,348.1764284733308,0.16123882911134318,0.7867685138873088,0.13273907990239145,0.08552257661641727,0.2369253387497332,51.037441924893514,159.99182189993252,0.48707208092996307,0.7111315910908785,1.3864682717890726,0.9173719868501786,1.3669160755998644,12.235969785159385,36.99450807543736,42.473631534099425,308.63461165447916,493.55569953597416,0.42009336073319603,0.767851962359933,1.4662268538214376,0.8532565847485609,1.4423499519534084,2.0318956967320227,43.54983309771169,43.21628234153895,312.0036374644659,0.0064929363278007825,0.31487710124624807,0.010190855782891533,344.055183219204,0.48203800788872797,0.48185100298513206,954.5890459657381,385.33598115641604,2.4680572881879703,0.5089819381209263,0.029317811993924647,0.07177765049868347,0.15750378503388401,0.0898096753015894,0.531282201638423,2.496506504994085,1.0230053442892872,0.0,0.0,344.05377478599655,0.005622143987483872,0.03934782802017349,0.043389778625618484,0.0
3,42.92683005344224,90.0,100.0,0.07,1.3999999999999997,47.3227,2.0,90.0,5406.393333333333,-0.23843953000000004,15.532033333333333,3.8085333333333335,113.13666666666667,-0.05001987,107.3565,231.64766666667018,1.4729443333333334,1.4061173333333332,1.4500233333333334,-1.5160633333333333,0.7295753333333334,102.81306666666667,174.049,24.578733333333332,7664.573333333334,6134.233333333334,0.82556,0.7587303333333333,0.15525000000000003,-2.16345,0.08218733333333335,-0.6550428999999999,92.15443333333333,17.133766666666666,7431.0264,0.012302246666666667,0.7496443333333334,0.0041289000000000005,7523.18,-0.002730626666666666,0.015837133333333333,11.2228,83.9859,120.79,97.99986666666666,0.8280976666666667,10.880166666666668,10.028556666666667,112.121,136.80666666666664,8.66938,-38.807,0.20000000000000004,0.38400000000000006,7669.252216666667,0.03112464746404948,0.06284826940881441,0.032804810491663366,6.551856992749631,42.92683005344224,17.0,0.0,0.0,0.0,0.0,0.0,17.0,270.651998761017,0.27151944315973525,0.7229056946333537,12.654669409484127,0.1596757130353097,0.12914926670889657,126.90331969775258,249.30480387736392,0.6258640475265641,0.5294286771429494,2.5237659517937345,0.2652859665216638,0.7649132469668264,6.859865509857559,14.479376471381634,4.34032954662815,256.8331552454502,1003.665346733329,0.6479246773013048,0.5027443354055153,2.599698286859458,0.22640359957385828,0.7742368316066689,1.2321242968119448,19.749244121315975,3.9832383211820677,246.5690884753399,0.0029289536019768783,0.0753388601077381,0.0008604475475588275,229.67565325911258,4.790170595431182e-05,0.00035330729306558723,0.8540773325642127,6.319250579776056,0.9279401920382518,0.00023094010768043999,0.024756124420703126,0.28409189241041977,0.14504082747052094,0.12778497564268415,0.48873953526731856,0.8222380236281953,0.48851308068464394,0.0,0.0,229.67759809424854,0.0033848358294030277,0.031095656984202875,0.02896541432446696,0.0,42.92683005344224,9.814954576223638,0.0,0.0,0.0,0.0,0.0,9.814954576223638,156.26100434138343,0.15676182359849045,0.4173697973952802,7.306176790071383,0.0921888159039815,0.0745643639000242,73.2676657885546,143.93619562886292,0.36134277631557055,0.30566578926518934,1.4570969516397247,0.15316292418351266,0.44162286904300796,3.960545198720891,8.35967190345012,2.5058904321174493,148.28269131778163,579.4664581127867,0.37407948685450976,0.2902595773799338,1.5009365057301172,0.13071417915946731,0.44700584314463326,0.7113672944394547,11.402231409733414,2.2997237169808997,142.35672960507816,0.0016910321505452747,0.043496911163642155,0.0004967796232066424,132.6033002354518,2.765606282736423e-05,0.0002039820607580748,0.49310177786470577,3.6484210233104046,0.5357465196651577,0.00013333333333598318,0.014292955098384819,0.16402053055774607,0.08373936078359133,0.07377669008569347,0.282173902250199,0.4747193442796845,0.28204315863593254,0.0,0.0,132.6044230865411,0.001954235877268528,0.017953085930457798,0.016723189757420043,0.0
4,82.55328870716575,85.0,100.0,0.07,1.3999999999999997,47.3227,2.3,85.0,5452.686666666667,-0.3575182766666667,15.055366666666666,11.557933333333333,112.93299999999999,0.19757418000000002,28.463533333333334,16.903166666667328,0.8547566666666667,-0.9046409999999999,2.0769863333333336,0.23737999999999995,-0.5467069999999999,89.32796666666667,384.59099999999995,16.765333333333334,7433.2733333333335,7290.883333333334,0.29228333333333334,-1.4671183333333333,0.9520339999999998,-0.32509426666666663,-1.1091803333333334,0.2645176666666667,313.438,10.296886666666666,7214.8776,0.0413351,0.9493786666666667,0.002536757,7528.32,-0.002132283333333333,0.049436266666666666,11.1242,3.266446666666667,112.54566666666666,86.33623333333333,0.7678043333333333,11.397,10.369033333333334,112.062,135.82833333333335,0.4838090000000001,-49.492333333333335,0.20000000000000004,0.38400000000000006,7674.386983333333,0.05960988691721075,0.09010752150691065,0.03215724779859474,9.085884035533677,82.55328870716575,17.0,0.0,0.0,0.0,0.0,0.0,17.0,435.79951265843914,0.31623833885311825,0.3973206555583708,0.23566224418292633,0.0629523629421477,0.3741140374039568,258.4363759037286,20.38529298840956,2.0005929600079404,0.8950760851575692,3.0287297147137995,1.8005501350420654,0.26948266870246035,20.618984400385326,79.18900522168465,4.789859019150075,226.14656228502224,2566.771156615512,1.901531506873692,0.900497676046048,3.2271774362603614,1.851958790473107,0.3991243405385511,0.9506307416764583,95.61303159611664,6.247646268998698,236.09120974564078,0.011034124722423615,0.01973040882326906,0.00149229317221416,325.1150633237406,0.00016135055696629423,0.007823419989578303,0.3222061917468377,12.328246605601842,1.0869601341968995,0.8553773689625663,0.025894575693247667,0.14574096884541418,0.10437309678903553,0.0766224510179579,0.3312858785600837,1.0922257920883391,0.7861593498352212,0.0,0.0,325.12016290897765,0.01008975802076486,0.029774256459443305,0.041001997156171664,0.0,82.55328870716575,9.814954576223638,0.0,0.0,0.0,0.0,0.0,9.814954576223638,251.60896594605757,0.18258029006492793,0.22939318744122397,0.13605966011684384,0.036345563690772,0.2159948402027922,149.20831119640903,11.769454394367651,1.1550428839994547,0.5167724187109191,1.7486379160926306,1.0395481051559536,0.15558589131730424,11.904376193979163,45.719793481598316,2.765426394086653,130.56577861156606,1481.926018220133,1.0978497273660808,0.5199025756698182,1.863211761547606,1.069228906207742,0.23043454545006437,0.5488469146068369,55.20220953005414,3.6070802552079595,136.30732349995012,0.006370554878763179,0.011391356845335758,0.0008615758646876859,187.70526932756388,9.315578749838603e-05,0.004516853636966533,0.18602583153960092,7.117716496380314,0.6275567260769718,0.49385235422925156,0.014950240247047681,0.08414358759485674,0.06025983552730453,0.044237992721186906,0.19126799116538598,0.6305968550780549,0.45388931225330614,0.0,0.0,187.70821357447323,0.005825324509346777,0.017190174981780548,0.02367251409542798,0.0
5,130.72795880558093,94.0,100.0,0.07,1.3999999999999997,47.3227,2.6,94.0,4990.053333333333,-0.34861877999999996,14.2204,4.057066666666667,112.95933333333333,0.02575168,310.26193333333333,317.06300000000005,1.115557,0.6539,-0.11096100000000002,0.22870766666666667,0.394836,64.83766666666666,546.3770000000001,18.471333333333334,6840.09,8332.043333333333,0.7072916666666665,0.2456333333333333,-0.9274916666666666,-0.17955866666666664,-0.013429700000000008,-0.11078300000000003,494.73133333333334,13.7763,6652.674466666666,0.06882793333333333,0.9527703333333334,0.003718573333333333,7147.406666666667,-0.0021646300000000003,0.07260256666666666,10.820733333333331,10.05381,112.62766666666666,86.75023333333333,0.704665,11.463799999999999,10.3159,112.04333333333334,136.05633333333333,0.584267,-49.30596666666667,0.20000000000000004,0.38400000000000006,7293.477183333333,0.08756593944661349,0.16100884939710894,0.08019506371446093,11.433632791268964,130.72795880558093,17.0,0.0,0.0,0.0,0.0,0.0,17.0,679.8739730518685,0.29558239463883024,1.424352867094387,13.198075619700521,0.1250453251158707,0.3275749868948287,466.30951041031034,168.38744944027152,0.8769200311641877,1.9040876202790669,1.3692036059596833,1.3958141903048318,0.23407189218913066,16.658665563703874,106.03930973464514,2.9597441533574034,510.09801597340044,4732.039840854401,0.9225503729381573,1.9807214456438171,1.2068881574149004,1.2909286418165542,0.24435332529918638,1.521867646878992,92.78142222629123,2.3825474433891127,487.8338711610882,0.008195887514072731,0.009252423700486966,0.0004984780731720635,576.0551348901712,7.282992173550635e-05,0.014497122498045377,0.18611408687504932,0.651208852289341,0.19429445008371313,0.3935868942601238,0.04535316854421529,0.0635924523823391,0.1351657131080215,0.09643823584726405,0.36362801505567127,0.2675000388766327,0.2534034201295091,0.0,0.0,576.0552423157696,0.006677736926718143,0.06152237012636795,0.07264826394000543,0.0,130.72795880558093,9.814954576223638,0.0,0.0,0.0,0.0,0.0,9.814954576223638,392.52542135651663,0.17065457511244284,0.8223505112379597,7.619912511819133,0.07219495211655222,0.1891255068635175,269.22392136107527,97.21853926249527,0.5062900160504188,1.0993255001287532,0.7905100704762295,0.8058736985111942,0.13514146996511966,9.61788504754438,61.22182401997948,1.7088090836733179,294.50522683533677,2732.0444759333222,0.5326347061568348,1.1435700598321226,0.6967972025652642,0.7453179988573856,0.14107745813886546,0.8786506955965684,53.56737909814557,1.375564407797759,281.6510168346715,0.004731897862497785,0.005341889314132623,0.00028779644973101685,332.58558719690654,4.204837491905397e-05,0.008369917576721479,0.10745301815729112,0.3759756061679183,0.11217595305788208,0.22723749935059126,0.026184664067605168,0.03671511950137194,0.07803796084812395,0.05567864142659052,0.20994073237728111,0.15444121945365927,0.14630253282534392,0.0,0.0,332.5856492191047,0.0038553932122182247,0.03551995695364233,0.04194349474192112,0.0
6,204.6298140408672,83.0,100.0,0.07,1.3999999999999997,47.3227,3.0,83.0,4903.3533333333335,-0.3697458666666667,13.7943,3.9333000000000005,113.15666666666668,0.3810743333333333,163.7966,164.551000268181,1.4620916666666666,-1.038245,0.01923766666666671,0.9059200000000001,-0.267688,83.93936666666667,915.225,13.627593333333332,6378.81,12530.206666666667,0.9335466666666665,-1.566791,-1.0378483333333335,0.37737666666666664,-0.7962306666666666,2.511416666666667,848.3633333333333,7.549356666666665,6185.714266666667,0.119836,0.9846316666666667,0.0021916933333333334,7034.076666666667,-0.0022142266666666664,0.10571473333333332,11.7391,10.023593333333332,112.52966666666667,87.29390000000001,0.6322726666666667,11.7357,10.5539,112.19133333333333,136.24633333333335,0.3382403333333333,-48.95256666666666,0.20000000000000004,0.38400000000000006,7180.1489833333335,0.13790443430608826,0.21989877065310212,0.09448726415056545,14.304887767503358,204.6298140408672,17.0,0.0,0.0,0.0,0.0,0.0,17.0,623.7381912576245,0.2869091727332072,1.4304765534604196,13.726172648265795,0.2130007824711818,1.667231721656091,318.30914658697765,186.5468302454149,1.7555122644141035,0.682612768614095,0.8883548688392119,1.8061134075965442,0.6703997296777499,17.37412319552654,155.25064048499127,9.32966928203424,618.9228062529286,10266.598644957021,1.7936515690716894,0.5946929307407309,0.8878942547726804,1.8843178449861724,0.776874103874195,2.659155626553913,164.82922384193083,10.291443094320316,616.1019125517897,0.010436638730932478,0.020152612940592445,0.002901860503217433,780.9249148499065,0.0001466762490430313,0.01946468546402262,0.4661040227245402,0.17410289524684366,0.22163333082668615,0.451530032223769,0.037415796802063875,0.25973763685688694,0.2908017021958429,0.19662739720937883,0.4853218863119001,0.08887695433763093,0.4887287318475711,0.0,0.0,780.9292765315179,0.008191344166400437,0.077698684204439,0.0984856174068813,0.0,204.6298140408672,9.814954576223638,0.0,0.0,0.0,0.0,0.0,9.814954576223638,360.1154126264398,0.16564708811049003,0.8258860232098214,7.924809473419535,0.12297605909733773,0.9625766832996274,183.7758714675116,107.70286265866172,1.0135454784251723,0.3941066657116235,0.5128919226602338,1.0427600620628572,0.38705546439410127,10.03095470387097,89.63399907587153,5.386487071432652,357.33524879772693,5927.423491327783,1.0355652162359346,0.3433461236483285,0.5126259870049292,1.0879114150415823,0.4485284729982158,1.5352642168080097,95.16419675545585,5.94176744085555,355.7066050600191,0.00602559618073874,0.011635116506125384,0.0016753899426833279,450.8672098054791,8.468357186871872e-05,0.011237941392344858,0.2691052829903808,0.10051835343745841,0.12796006321418063,0.26069098565159343,0.021602020355615918,0.14995959455800095,0.1678944410435713,0.11352288070889034,0.28020072170579247,0.0513131335115853,0.28216766489289963,0.0,0.0,450.8697280235316,0.004729274759496163,0.044859356241112584,0.05686069772116942,0.0
7,311.4611463462223,89.0,100.0,0.07,1.3999999999999997,47.3227,3.5,89.0,5264.74,-0.13449323333333332,14.059466666666665,11.677666666666667,113.23333333333333,0.07733463333333333,-164.69555333333332,333.33440699,0.47356033333333336,0.79488,0.22447800000000004,-0.5148566666666667,-0.5091556666666667,99.49063333333334,1375.4866666666667,22.83253333333333,6269.443333333334,6514.066666666667,-0.15290633333333328,0.1684133333333334,-1.0284535000000001,-1.1413243333333334,-1.135622,0.913659,1296.2376666666667,15.628213333333333,6066.392733333334,0.17440200000000003,0.9806279999999999,0.0044597433333333335,7362.63,-0.0018630866666666669,-0.5902466666666667,10.7766,6.881313333333334,112.91266666666667,87.62366666666667,0.5850240000000001,11.968366666666668,11.012066666666668,112.33066666666666,136.47033333333334,0.581697,-48.84676666666667,0.20000000000000004,0.38400000000000006,7508.701783333334,0.19066568345396986,0.23494681051205443,0.05305236558654205,17.64826185056824,311.4611463462223,17.0,0.0,0.0,0.0,0.0,0.0,17.0,1007.7426627368716,0.13892806035090005,1.6331940372574631,0.36558459121430936,0.0570642912278154,0.16643280493257132,196.40390301488037,288.6732749669163,2.274287650127031,1.7201128059810493,1.5773352574934727,0.6143699674400869,0.3011774663721264,31.241112344206524,296.64613470148794,10.745421589836914,633.2414844538641,2541.124002982407,2.117770853966579,1.9146157179009402,1.5316336805844764,0.6405127546866911,0.4666711901242672,0.33016788352442766,304.72972609565574,12.580343175547053,628.0649452862131,0.019591333977041995,0.011377970469288446,0.0031760713168525255,932.6397671662953,0.0005613905067182141,1.2947686829767444,2.3454251405662045,5.999759933408447,0.5125322754064685,0.3868024862036566,0.039987202615336816,0.2703029843219139,0.3017020108208323,0.12128616299205161,0.7897102844292617,0.633550383716244,0.5687799603830422,0.0,0.0,932.6404506387443,0.01714111705320383,0.07920738249545614,0.11761842379344023,0.0,311.4611463462223,9.814954576223638,0.0,0.0,0.0,0.0,0.0,9.814954576223638,581.8204976050031,0.08021015304158473,0.9429250170494881,0.2110703621491608,0.03294608390149442,0.09609002472980453,113.39384627553434,166.66559301,1.3130605870154828,0.9931075915696814,0.9106749355161442,0.3547066660835558,0.17388489128379664,18.03706462171098,171.26872572396604,6.203872047448359,365.6021415114767,1467.1186271661122,1.222695572619548,1.1054039001247964,0.8842891177853448,0.3698002113377499,0.26943273724128874,0.19062251643059733,175.93578939140778,7.263264518899963,362.61346522956273,0.011311061945429059,0.0065690743132752975,0.001833705629750255,538.4598206304105,0.0003241189601742613,0.7475350476549206,1.354131836270014,3.463963012626498,0.295910647174296,0.22332051953289767,0.02308662219410482,0.15605950076101618,0.17418773716245892,0.07002459885243782,0.4559394452970502,0.36578048458376416,0.3283852632368141,0.0,0.0,538.4602152334129,0.009896428544878117,0.04573040360555726,0.0679070286388022,0.0
8,438.49402064202474,91.0,100.0,0.07,1.3999999999999997,47.3227,4.0,91.0,5053.013333333333,-0.2932652666666667,13.413733333333333,12.370233333333333,113.02866666666667,-0.05730738333333333,38.30949666666667,214.3260000000015,1.4385195,-0.03858120000000002,0.8173100000000001,-0.2808906666666667,0.18045433333333338,106.7897,1747.6933333333334,20.15006,5785.580000000001,6463.56,0.766091,-0.7110074666666667,-0.5275466666666667,-0.9533223333333334,-0.491973,1.8500326666666667,1662.6299999999999,12.417153333333333,5586.506333333334,0.22681666666666667,0.9884873333333334,0.0038410876666666667,7249.139999999999,-0.002361506666666667,0.171148,12.5893,10.5009,112.44766666666668,86.95523333333334,0.5239073333333334,12.344866666666666,11.1288,112.144,136.09766666666667,0.3037223333333333,-49.14216666666667,0.20000000000000004,0.38400000000000006,7395.207716666667,0.24225958385844373,0.29546689832215484,0.06736548402580612,20.940248819964502,438.49402064202474,17.0,0.0,0.0,0.0,0.0,0.0,17.0,910.0834696517309,0.2879944874990029,1.204106740838757,0.8435600294782418,0.1493195678179271,0.2266636587137224,197.89664892948548,257.5226258564459,1.502823046602876,0.6401700113286469,3.004134733280117,1.4181323944404252,1.1035832543783606,22.304780218374706,430.1418489676787,12.405401060941156,368.2101271013611,1885.8948832583433,1.517236963196916,0.6648499776292794,3.1805120197278507,1.478554166209792,0.9813594628712763,1.293640841609963,421.9601434969895,12.74070443555745,357.0483590530182,0.036576618998115915,0.010714807153343123,0.00381434187981837,772.2866480782894,0.0001576369475514332,0.039008726190430776,0.16563994083553635,0.14727131424686887,0.43876683253560816,0.6963872868837713,0.009750548770881176,0.3932070743683699,0.24575184638167002,0.06646051459325761,0.9666914364642646,0.38017582190656646,0.27105204912218267,0.0,0.0,772.2895647685868,0.034135565756308266,0.04502856934962303,0.09739603430024077,0.0,438.49402064202474,9.814954576223638,0.0,0.0,0.0,0.0,0.0,9.814954576223638,525.4369361884554,0.16627369488267765,0.6951913509562992,0.48702961009687157,0.0862096926749588,0.1308643243738731,114.25568353116331,148.68075736063835,0.867655290500544,0.3696023283677201,1.7344379969411803,0.818759119676708,0.6371540889885098,12.877670863294076,248.34251229121267,7.162261641939645,212.58621600031714,1088.8219185125424,0.8759771691261898,0.3838513135549812,1.836269470750715,0.8536436458726662,0.566588150060518,0.7468838881382062,243.61880243528,7.355849135534553,206.1419662129742,0.021117520824608604,0.00618619679429758,0.0022022113110943993,445.8799041595542,9.101173410305089e-05,0.022521698566789615,0.0956322644299506,0.08502713292433972,0.2533221488759128,0.40205938754257853,0.005629481957614822,0.22701821023384355,0.14188489466230475,0.038370995990898334,0.5581195610659492,0.21949461311714338,0.15649197352509184,0.0,0.0,445.8815881114826,0.01970817807834475,0.02599725663522859,0.056231626621246034,0.0
9,693.5794052271854,82.0,100.0,0.07,1.3999999999999997,47.3227,5.0,82.0,4938.509999999999,-0.2751480333333333,12.797833333333335,12.610166666666666,113.20066666666666,0.08601216666666667,-9.977033333333338,317.03341900000004,0.009138333333333332,-0.12679099999999996,-2.0492263333333334,-0.8756713333333334,-0.9061476666666666,114.60333333333334,2428.8666666666663,21.702569999999998,4877.483333333334,6285.413333333333,-0.7124903333333333,-0.848418,-3.4924800000000005,-1.597302,-1.627773333333333,0.5808883333333333,2337.58,13.403848666666667,4690.472733333333,0.33237633333333333,0.9905166666666666,0.005042055,7028.053333333333,-0.002304926666666667,0.21559333333333333,13.1909,10.981866666666667,112.57266666666665,87.23463333333332,0.41452399999999995,12.6873,11.652766666666666,112.37733333333334,136.44933333333333,0.19513853333333334,-49.214733333333335,0.20000000000000004,0.38400000000000006,7174.124116666667,0.3459908029063576,0.4084687090690322,0.09524708034812966,26.335895755170082,693.5794052271854,17.0,0.0,0.0,0.0,0.0,0.0,17.0,411.9065018909026,0.26565466099525403,0.34831049845408496,0.2876201198340154,0.12580275566668925,0.2296465769700984,225.1364474091286,275.56182624957813,0.23064433659280112,1.1858981225286598,2.159196582037016,0.6922181436406686,0.6964043133025049,33.18140521938957,166.09258331826078,12.643878913082805,171.84101149997085,1071.3699440124938,0.4350452451875935,1.2221297798728252,1.7729521864957327,0.8020626534953488,0.6970481593357328,0.20944474289017934,160.20404707746903,12.532342627972845,151.2107183722551,0.009912365274410204,0.00894925568599604,0.004750948049781749,300.9977226381178,5.024369048281912e-05,0.013777583327032846,0.22147444547847905,0.31166078247564744,0.04705670338361016,0.4199703005372252,0.009424234876105327,0.2708511214671264,0.21010831333703434,0.14214898287829242,0.2660006265656763,0.1655591343546267,0.19078737729035716,0.0,0.0,300.99455213118665,0.009232270880056462,0.01906969223073882,0.03795943524413532,0.0,693.5794052271854,9.814954576223638,0.0,0.0,0.0,0.0,0.0,9.814954576223638,237.81432974766972,0.1533757900370887,0.2010971600440387,0.16605755361052124,0.07263225484895976,0.13258651303216243,129.98258851605644,159.09569456357883,0.1331625698189164,0.6846786002733936,1.246612727872391,0.3996523315688831,0.4020692177500177,19.15729323550462,95.89359768919822,7.29994689406939,99.21245424732575,618.5557255772876,0.25117348941872386,0.7055969573942338,1.023614422133647,0.46307108890248516,0.4024409424306185,0.12092297868799701,92.49384970544423,7.235551389836744,87.30154895657817,0.0057229067594866305,0.005166855179356602,0.00274296113544742,173.78111619058163,2.900820822533586e-05,0.007954491442644915,0.12786833071562298,0.17993743665816445,0.027168200365703703,0.24246996606681503,0.005441084542625671,0.15637596788935748,0.12130609126411501,0.08206975352981363,0.15357553335230234,0.09558561078644516,0.11015114363657041,0.0,0.0,173.77928569755147,0.005330254077832142,0.011009891942780374,0.021915890156487698,0.0
10,974.5430172340292,95.0,100.0,0.07,1.3999999999999997,47.3227,6.0,95.0,4496.98,-0.4046261666666667,11.8684,13.206866666666668,113.01799999999999,0.09357066666666669,239.07593333333338,331.08543333333336,0.8759166666666666,0.47257566666666667,-0.050638666666666644,1.2314546666666668,-1.1196353333333333,130.448,2668.97,32.91693333333333,4211.11,10413.99,0.054517,-0.34882300000000005,-1.693434,0.41005700000000006,-1.9410333333333334,0.5464109666666667,2565.066666666667,23.470866666666666,4025.0625333333332,0.3879273333333333,0.9847866666666666,0.01014981,6590.123333333333,-0.0023907333333333335,0.22014333333333333,13.880433333333334,11.364266666666666,112.731,87.25226666666667,0.345389,12.9185,11.974866666666665,112.02966666666667,136.428,0.7013723333333334,-49.175466666666665,0.20000000000000004,0.38400000000000006,6736.200583333334,0.4013687101049974,0.49238582723228186,0.15047508991756683,31.217671553689414,974.5430172340292,17.0,0.0,0.0,0.0,0.0,0.0,17.0,867.9777206818154,0.28674301396561236,1.5048812311940105,0.6859756361076779,0.13943098651304078,0.5056141421373944,544.274991800297,267.7662320333976,2.190213844361626,1.0294746024017947,1.8678665089361535,1.1981487132678201,0.53281867018746,6.820977715841036,423.82997168676036,10.646757978057606,417.4442999970178,7451.125210738309,2.206524633970126,1.0244283841913988,1.7822619733902758,1.2124495047543218,0.5528329706460474,0.4462990949745511,428.70445721188077,11.10250499767207,413.45569003559933,0.015761770279170202,0.004773043508426626,0.0038507521658891525,839.7079935509328,2.841800896145514e-05,0.030995715354437833,0.08805829508532025,0.23841384887068542,0.3886528013536041,0.6685964203713098,0.023793867108984165,0.31275432850721696,0.250606171778218,0.07976423592897369,0.3812177855242387,0.44784539938949175,0.3516718688398818,0.0,0.0,839.7123952184348,0.013813228924419626,0.05214228756334858,0.10589895419801298,0.0,974.5430172340292,9.814954576223638,0.0,0.0,0.0,0.0,0.0,9.814954576223638,501.12717068624397,0.1655511563012909,0.8688435839282774,0.3960482181642926,0.08050051759667919,0.2919164610691064,314.2373130290829,154.5949061443739,1.2645205526250298,0.5943674388205591,1.0784132317445747,0.6917514821343798,0.30762300266198844,3.938093320377261,244.69834824398257,6.146908584628354,241.01157897495315,4301.9091461853695,1.2739375913961928,0.5914540033783975,1.0289894301033093,0.7000080479487362,0.31917826441939595,0.25767090262264347,247.5126337740718,6.410034249085136,238.70875394003576,0.00910006231358396,0.0027557179544439084,0.0022232327995586366,484.8056361173116,1.6407145123729325e-05,0.0178953846036097,0.050840480371889145,0.137648299824025,0.2243887994828055,0.38601432328059593,0.013737395580434191,0.18056879575386237,0.14468754073673576,0.04605190308529778,0.22009619109229223,0.25856366189285857,0.20303784814112452,0.0,0.0,484.8081774212288,0.007975071437891596,0.03010436376086218,0.06114078971312265,0.0
11,1321.7865790657954,87.0,100.0,0.07,1.3999999999999997,47.3227,7.0,87.0,4644.423333333333,-0.21288759333333332,11.841066666666668,13.287566666666665,113.00099999999999,1.3212068333333333,27.35909666666667,271.51100000000037,1.31449809,0.9673550000000001,0.8668556666666666,-1.2818611333333334,-0.5082635333333333,118.7571,3271.9366666666665,38.589866666666666,3836.096666666667,8278.823333333334,0.5667133333333334,0.21957066666666666,-0.6287096666666667,-2.029643333333333,-1.256048,0.9513410000000001,3177.3366666666666,29.990366666666663,3666.67,0.462759,0.9842270000000001,0.0143196,6844.009999999999,-0.0025679066666666668,0.249887,14.217366666666665,12.0203,112.43533333333333,87.31896666666667,0.293511,13.6728,12.413466666666666,112.19533333333334,136.62066666666666,0.2403449666666667,-49.30180000000001,0.20000000000000004,0.38400000000000006,6990.07805,0.47409785112480085,0.5375839149209881,0.1184577487808468,36.356382920551866,1321.7865790657954,17.0,0.0,0.0,0.0,0.0,0.0,17.0,813.5678741404022,0.33319504712337505,1.3696637336709083,0.6545584949668998,0.212788627515665,2.2711240803946895,40.23926931781979,250.79230598445332,1.9462435523348007,0.8015895389630532,1.262976912863546,1.303617005366167,1.476659113643177,32.68790576084678,489.4720806474394,15.388799415592281,251.86754978228805,6230.071384746192,1.8349649408978728,0.5962474962918782,1.490670520258026,1.4994423349143284,1.5927434689625948,0.31934278075917116,482.63056527051145,14.022436805467631,246.46294136612104,0.021832198766958882,0.00491201455616733,0.005789586395417206,722.8413361174084,5.4889017420002475e-05,0.03557058066717493,0.11602781275768864,0.07758685455668464,0.23819599772736,0.045492453586648246,0.003717593173008567,0.3440036191670082,0.5506170568855758,0.1565322118074434,0.10366452302177885,0.26562707749814085,0.05851461355935158,0.0,0.0,722.8417408452377,0.020252614453088694,0.031082270415275844,0.09116000292727529,0.0,1321.7865790657954,9.814954576223638,0.0,0.0,0.0,0.0,0.0,9.814954576223638,469.7136311389928,0.19237025014933065,0.7907757253341668,0.3779095232694959,0.1228535713766602,1.3112340991789153,23.232152972637106,144.79500537081114,1.1236642388490707,0.46279793609990677,0.7291800606220509,0.7526436289683305,0.8525495367632024,18.87237119027001,282.59683752260537,8.88472748509736,145.41579766693548,3596.933391053799,1.0594175025809127,0.3442436524877563,0.8606390261440108,0.8657034356971086,0.9195708705555725,0.18437264043507112,278.64688677807106,8.095857664331254,142.29544554299693,0.012604825835105127,0.0028359529262665683,0.0033426192638907194,417.33263998877453,3.1690188982992487e-05,0.020536684323424745,0.06698868892913504,0.04479479136387822,0.1375225234077828,0.026265080324347923,0.002146353419174011,0.1986105821282777,0.3178989060132867,0.09037391462387497,0.05985074027203818,0.1533598646976052,0.033783427890018564,0.0,0.0,417.3328736584957,0.011692852406284463,0.01794535719128425,0.05263125222938946,0.0
12,1721.8428499214049,88.0,100.0,0.07,1.3999999999999997,47.3227,8.0,88.0,4497.3533333333335,-0.2686940666666667,11.2921,13.779300000000001,112.93833333333333,0.09500696666666668,36.07697000000001,346.42546666666664,1.4998356666666668,1.1894726666666666,0.78123,0.7580256666666667,-0.7329546666666666,156.54433333333336,3352.8666666666663,35.66526666666667,3528.4066666666663,6278.27,0.5141134033333333,0.20375010000000002,-1.1902063333333335,-0.22768966666666665,-1.7186733333333333,0.622932,3228.1733333333336,24.3295,3335.6390666666666,0.48893233333333336,0.987694,0.012636516666666667,6563.813333333334,-0.0024886966666666666,0.24930733333333333,14.424000000000001,12.167533333333333,112.66366666666666,87.5964,0.26862733333333333,13.794699999999999,12.354933333333333,112.21133333333334,136.75166666666667,0.45248266666666664,-49.155499999999996,0.20000000000000004,0.38400000000000006,6709.883783333334,0.5002455996845994,0.5793313392138892,0.1537939900716051,41.495094287414325,1721.8428499214049,17.0,0.0,0.0,0.0,0.0,0.0,17.0,993.8985980638734,0.29228579870806815,1.549532045489863,0.9255441048377973,0.3680221913598892,0.3000637843545991,208.11785112539653,258.1118822279465,0.864252363101388,1.5446903571529582,1.9695284001760422,1.1839348514619938,0.5028748931546825,11.469728433286186,687.5071349690368,16.218984000958052,281.9797777028229,2020.0844561552374,0.9002410984735104,1.6052127245433954,1.9693219825590567,1.1573297764424508,0.5110851356020183,0.14491498032639694,678.3721238622155,15.397019451828982,269.2079290150522,0.035813802148519966,0.0051009058999357685,0.007046583318235395,909.3858921455363,0.0002273803004513218,0.04490415487828863,0.22702438195048547,0.144783435977094,0.10218773572858088,0.2775764399224098,0.016229014829413805,0.42870314904371726,0.25054852490751833,0.17324645258513108,0.48329321672597775,0.07143494398635257,0.2601721929799555,0.0,0.0,909.3815472117521,0.03387122834693725,0.0339507173013575,0.11468516526023692,0.0,1721.8428499214049,9.814954576223638,0.0,0.0,0.0,0.0,0.0,9.814954576223638,573.8276231393689,0.1687512845644079,0.8946227435815238,0.5343631380749735,0.212477711249388,0.1732419066711856,120.15689737041416,149.02096468534592,0.4989763344843566,0.8918273935168797,1.137107752018251,0.6835451051945618,0.29033495493156025,6.622050798489684,396.93242944416176,9.364034778935366,162.80110056275564,1166.296304547005,0.5197544405392457,0.9267699986217419,1.1369885767515189,0.6681846579702184,0.29507514061864165,0.0836667029010546,391.6583283225883,8.889473325231368,155.42727028482204,0.020677108311152,0.0029450093944388663,0.004068346775650332,525.0341896274734,0.00013127807767398863,0.02592542590671259,0.1310725880317212,0.08359075573557417,0.058998116730774514,0.16025883230990132,0.009369826080444489,0.24751187850283043,0.14465425830041936,0.10002388603617317,0.27902946877426343,0.041242984140066496,0.15021048565263256,0.0,0.0,525.0316810787835,0.019555562803887507,0.019601455773119638,0.0662135110350545,0.0
13,2156.7761386972124,84.0,100.0,0.07,1.3999999999999997,47.3227,9.0,84.0,5342.466666666667,-0.21446033333333334,12.229766666666668,14.112766666666667,113.13866666666667,0.21428233333333332,-1358.7721666666666,333.3487126666667,2.023524666666667,0.9417240000000001,0.5743827999999999,0.7179778333333333,-2.498606666666667,139.36766666666668,4378.953333333334,57.65443333333334,3307.4833333333336,28371.846666666668,1.1459621666666666,0.06416200000000001,-1.1807366666666665,-0.15958299999999995,-3.37617,0.5895676666666666,4267.943333333334,47.56243333333333,3132.5406000000003,0.576745,0.9809646666666666,0.026544733333333334,7400.483333333334,-0.002600526666666667,0.30657500000000004,15.071233333333334,12.456566666666665,112.70433333333334,86.85386666666666,0.23285666666666663,14.414966666666666,13.108566666666666,112.23833333333334,135.85033333333334,0.46635333333333334,-48.996199999999995,0.20000000000000004,0.38400000000000006,7546.555316666666,0.5849645693210465,0.6049447698857388,0.04827852919264571,46.441103978019434,2156.7761386972124,17.0,0.0,0.0,0.0,0.0,0.0,17.0,377.67084138616417,0.191844156346586,1.0275360107233873,0.3454099207222235,0.19688152105601897,0.48656359108582437,1164.4757291520007,288.648496808093,1.2250448153783329,1.3703122672008012,3.271547783290276,1.0354423702667297,1.180468443048493,29.606652923512534,313.02186670156664,10.237259149466391,246.51706986197416,29759.536242632097,1.1137398452215324,1.3043220155839585,3.124031805877356,0.9944321230476216,1.2831912680111255,0.08904852824349961,303.602433180851,8.737895398969556,231.83390272960514,0.0007385005077858826,0.0021533848549048175,0.002897310719155496,535.4256794675932,0.00023949495617514214,0.019041024420970627,0.23171353722502558,0.15409459216122112,0.0041633319989376385,0.5799237219956884,0.01729721452527353,0.15848679229933718,0.04893018836396727,0.29218030962631775,0.535799713823496,0.2926211895511556,0.09135923598629686,0.0,0.0,535.4203603022328,0.0012872078521698205,0.029237353153900473,0.06752366231009403,0.0,2156.7761386972124,9.814954576223638,0.0,0.0,0.0,0.0,0.0,9.814954576223638,218.04836193937436,0.11076127530915808,0.5932481923931818,0.19942251070974304,0.11366959918015554,0.2809176202912717,672.3103756906934,166.65128733333333,0.7072799539280359,0.7911501563422291,1.8888289933493645,0.5978129312038406,0.6815437733639059,17.093409035193783,180.72325900238866,5.910484325708381,142.32669664464856,17181.676260642067,0.6430179994458639,0.7530506668073538,1.8036606040802443,0.5741356539323554,0.7408508240080005,0.0514121917523245,175.2849465235897,5.044826260745866,133.84936614821905,0.00042637346696685463,0.0012432573256481597,0.001672763123630414,309.12816017165324,0.00013827247741727595,0.01099334057509363,0.1337798730917489,0.08896655426494661,0.0024037008503124285,0.3348191170036604,0.009986551462397379,0.09150239219702264,0.028249857423435602,0.16869038041466278,0.30934410900771986,0.1689449225579482,0.05274627948964704,0.0,0.0,309.1250891501005,0.0007431697999532459,0.016880193713796593,0.03898480461140218,0.0
14,2640.6354511921395,92.0,100.0,0.07,1.3999999999999997,47.3227,10.0,92.0,4126.27,-0.22812876666666662,10.29114,13.918466666666667,113.29633333333334,0.3659452666666667,-286.29899,152.47134922217083,1.9549623333333335,0.4953713333333334,-1.4855633333333333,-0.16421333333333332,0.20975933333333327,151.02433333333332,3422.9933333333333,42.224133333333334,3066.9966666666664,17810.656666666666,1.0039986666666667,-0.45558899999999997,-3.3874833333333334,-1.1151710000000001,-0.7412033333333334,-1.1408690000000001,3302.7000000000003,31.28810333333333,2887.762733333333,0.5319316666666666,0.9843853333333333,0.01889680666666667,6190.463333333333,-0.0025523733333333333,0.23850433333333332,15.479966666666668,12.3737,112.77233333333334,87.07853333333333,0.22665966666666668,13.984733333333333,12.736933333333333,112.30933333333333,136.2603333333333,0.46275933333333336,-49.18183333333334,0.20000000000000004,0.38400000000000006,6336.534116666667,0.5428007749350962,0.6358145298635911,0.20087837214731794,51.38711366862454,2640.6354511921395,17.0,0.0,0.0,0.0,0.0,0.0,17.0,757.262732015778,0.2744400368693739,0.9862581992561585,0.4330870736160725,0.10617124532251333,0.932466297061944,489.1041580491631,264.0880822709676,1.366039267783446,0.1881039868539031,2.2693903414867473,1.2399425887247093,2.4643287111100527,18.97079941207891,453.6542181368242,21.584851855255653,46.728331163581345,23293.509604729672,1.4842190821052441,0.307107751955238,2.4072302697567873,1.3187344006823358,2.3470565737180973,2.5416309864921383,458.3403714489923,22.68137292403247,55.18638728321809,0.02914499247440856,0.009924105518047094,0.013316931698560798,508.29073976744223,0.0001872279921201244,0.030925054120135867,0.387578254463964,0.008466404195406093,0.2205092590648633,0.38671489929059427,0.005568771887349429,0.2356235415516317,0.44165054435982964,0.08962886439831537,0.3658829503179015,0.13074821225673922,0.12388221556516353,0.0,0.0,508.28296323541446,0.027675624027668117,0.006959740897642832,0.06410127390020899,0.0,2640.6354511921395,9.814954576223638,0.0,0.0,0.0,0.0,0.0,9.814954576223638,437.2058421765809,0.15844802916294384,0.5694164368310187,0.25004293853478676,0.061297997067150875,0.5383596676189669,282.3844173114496,152.4713253889152,0.788683138978372,0.10860188744574278,1.3102331245537104,0.7158811873798924,1.4227808447311125,10.952796147306154,261.9173849603047,12.462020029050045,26.97861457607567,13448.51404066181,0.856914286589842,0.17730874326157747,1.3898150442454966,0.7613716612235665,1.3550737446394243,1.4674113342319302,264.6229368365488,13.095096763280436,31.861875553568904,0.0168268692506294,0.00572968499231074,0.007688534100943938,293.46179543132683,0.00010809613165038697,0.01785458832096419,0.2237684095468149,0.004888080741285885,0.12731108007990374,0.22326995120506363,0.0032151319482168136,0.13603731514224754,0.25498706067389243,0.05174724898752785,0.21124261985793494,0.07548751554249072,0.07152343050435442,0.0,0.0,293.4573056484672,0.015978528982365063,0.004018208280744137,0.037008887741683594,0.0
